CANCEL
0
0
0
0
[ 0, 0, 0, 0, 0, 0, 0, 0, 0, 0 ]

NEXT
0
0
0
0
[ 0, 0, 0, 0, 0, 0, 0, 0, 0, 0 ]

INTRO
75
75
1
1
[ 0, 0, 0, 1, 0, 0, 0, 0, 0, 0 ]

HÄNDE
150
150
1
1
[ 0, 0, 0, 0, 1, 0, 0, 0, 0, 0 ]

EDNAH
150
150
1
1
[ 0, 0, 0, 0, 0, 1, 0, 0, 0, 0 ]

PATTERNS
180
180
1
1
[ 0, 0, 0, 0, 0, 0, 1, 0, 0, 0 ]

STATIC
155
155
1
1
[ 0, 0, 0, 0, 0, 0, 0, 1, 0, 0 ]

LISPER
180
180
1
1
[ 0, 0, 0, 0, 0, 0, 0, 0, 1, 0 ]

LAMENT
240
240
1
1
[ 0, 0, 0, 0, 0, 0, 0, 0, 0, 1 ]

END
300
300
0
1
[ 0, 0, 1, 0, 0, 0, 0, 0, 0, 0 ]

