CANCEL
0
0
0
0
[ 0, 0, 0, 0, 0, 0, 0, 0, 0, 0, 0, 0, 0 ]

NEXT
0
0
0
0
[ 0, 0, 0, 0, 0, 0, 0, 0, 0, 0, 0, 0, 0 ]

ANCHOR
134
234
1
0
[ 0, 0, 0, 0, 0, 0, 0, 0, 0, 0, 0, 0, 0 ]

BOLT
57
192
1
0
[ 0, 0, 0, 0, 0, 0, 0, 0, 0, 0, 0, 0, 0 ]

DENT
60
154
1
0
[ 0, 0, 0, 0, 0, 0, 0, 0, 0, 0, 0, 0, 0 ]

EYE
163
289
1
0
[ 0, 0, 0, 0, 0, 0, 0, 0, 0, 0, 0, 0, 0 ]

FASTEN
96
234
1
0
[ 0, 0, 0, 0, 0, 0, 0, 0, 0, 0, 0, 0, 0 ]

FORGE
120
240
1
0
[ 0, 0, 0, 0, 0, 0, 0, 0, 0, 0, 0, 0, 0 ]

IMAGINE
134
257
1
0
[ 0, 0, 0, 0, 0, 0, 0, 0, 0, 0, 0, 0, 0 ]

LOOP
88
151
1
0
[ 0, 0, 0, 0, 0, 0, 0, 0, 0, 0, 0, 0, 0 ]

PIN
60
120
1
0
[ 0, 0, 0, 0, 0, 0, 0, 0, 0, 0, 0, 0, 0 ]

SPINE
128
261
1
0
[ 0, 0, 0, 0, 0, 0, 0, 0, 0, 0, 0, 0, 0 ]

END
300
300
0
0
[ 0, 0, 0, 0, 0, 0, 0, 0, 0, 0, 0, 0, 0 ]

