CANCEL
0
0
0
0
[ 0, 0, 0, 0, 0, 0, 0, 0, 0, 0, 0, 0, 0 ]

NEXT
0
0
0
0
[ 0, 0, 0, 0, 0, 0, 0, 0, 0, 0, 0, 0, 0 ]

BAR
217
224
1
1
[ 0, 0, 0, 1, 0, 0, 0, 0, 0, 0, 0, 0, 0 ]

FETTER
157
167
1
1
[ 0, 0, 0, 0, 1, 0, 0, 0, 0, 0, 0, 0, 0 ]

TRAMMEL
114
123
1
1
[ 0, 0, 0, 0, 0, 1, 0, 0, 0, 0, 0, 0, 0 ]

CURB
148
155
1
1
[ 0, 0, 0, 0, 0, 0, 1, 0, 0, 0, 0, 0, 0 ]

BILBOES
149
154
1
1
[ 0, 0, 0, 0, 0, 0, 0, 1, 0, 0, 0, 0, 0 ]

CRCKDWN
148
159
1
1
[ 0, 0, 0, 0, 0, 0, 0, 0, 1, 0, 0, 0, 0 ]

HOG-TIE
99
108
1
1
[ 0, 0, 0, 0, 0, 0, 0, 0, 0, 1, 0, 0, 0 ]

TETHER
136
144
1
1
[ 0, 0, 0, 0, 0, 0, 0, 0, 0, 0, 1, 0, 0 ]

YOKE
204
214
1
1
[ 0, 0, 0, 0, 0, 0, 0, 0, 0, 0, 0, 1, 0 ]

HALTER
177
186
1
1
[ 0, 0, 0, 0, 0, 0, 0, 0, 0, 0, 0, 0, 1 ]

END
300
300
0
1
[ 0, 0, 1, 0, 0, 0, 0, 0, 0, 0, 0, 0, 0 ]

